TIME MEM VIRT RES SHR CPU FREE SWAP
0:00.17 0.7 222620 3168 2928 33.3 5.7 373.7

0:00.76 0.7 223148 3628 2928 23.5 5.3 372.2

0:01.43 0.9 223676 4152 2928 31.8 5.4 370.7

0:02.03 1.0 224336 4944 2928 31.6 5.1 368.7

0:02.62 1.1 224864 5472 2928 31.2 5.9 367.9

0:03.21 1.3 225656 6264 2928 27.8 5.2 366.4

0:03.80 1.5 226448 7056 2928 30.0 5.0 365.2

0:04.41 1.6 227108 7584 2928 33.3 5.2 363.9

0:05.05 1.7 227768 8376 2928 36.8 5.9 362.9

0:05.64 1.9 228560 9168 2928 35.0 6.3 360.9

0:06.22 2.0 229220 9696 2928 26.3 5.7 358.4

0:06.83 2.2 229880 10488 2928 28.6 6.2 356.7

0:07.46 2.3 230540 11016 2928 25.0 6.1 355.4

0:08.11 2.4 231068 11808 2928 38.9 5.9 354.2

0:08.73 2.5 231596 12072 2928 33.3 6.0 352.9

0:09.32 2.6 232124 12600 2928 33.3 6.2 351.7

0:09.93 2.8 232784 13392 2928 28.6 7.0 349.2

0:10.56 2.8 233180 13656 2928 27.3 5.7 349.2

0:11.17 2.9 233708 14184 2928 27.8 5.8 347.7

0:11.78 3.0 234104 14712 2928 27.8 6.1 345.4

0:12.45 3.1 234632 15240 2928 35.0 5.7 344.4

0:13.04 3.2 235028 15504 2928 21.1 5.6 343.2

0:13.67 3.3 235556 16032 2928 28.6 5.0 340.7

0:14.31 3.4 236084 16560 2928 43.8 6.0 339.7

0:14.93 3.5 236612 17088 2928 33.3 5.7 337.9

0:15.54 3.7 237404 17880 2928 33.3 5.7 336.2

0:16.16 3.8 238064 18672 2928 23.8 6.0 333.7

0:16.73 3.9 238592 19200 2928 26.7 6.1 332.2

0:17.36 4.1 239120 19728 2928 36.8 4.9 331.7

0:17.94 4.2 239648 20256 2928 28.6 5.7 330.2

0:18.60 4.3 240176 20784 2928 21.1 5.2 328.7

0:19.22 4.4 240704 21312 2928 28.6 5.0 325.2

0:19.81 4.5 241496 22104 2928 35.0 5.9 325.2

0:20.40 4.7 242024 22632 2928 28.6 8.1 320.7

0:21.04 4.8 242684 23160 2928 38.9 6.5 320.7

0:21.66 4.9 243212 23688 2928 29.4 6.0 320.7

0:22.26 5.0 243608 24216 2928 25.0 6.0 319.2

0:22.86 5.0 244004 24480 2928 30.0 6.0 317.9

0:23.49 5.2 244664 25272 2928 27.3 5.7 316.7

0:24.07 5.3 245324 25648 2776 28.6 5.9 314.4

0:24.68 5.4 246116 26440 2776 30.0 5.7 312.7

0:25.26 5.6 246908 27232 2776 25.0 5.0 309.7

0:25.87 5.8 247568 28024 2776 22.2 5.3 309.7

0:26.47 5.9 248360 28816 2776 31.8 5.7 307.2

0:27.09 6.0 249020 29344 2776 28.6 5.2 304.9

0:27.70 6.1 249548 29872 2776 21.1 6.1 303.9

0:28.33 6.3 250208 30664 2776 31.6 6.6 300.2

0:28.94 6.5 251000 31456 2776 28.6 5.9 296.9

0:29.58 6.6 251660 31984 2776 23.8 5.4 295.4

0:30.22 6.7 252320 32776 2776 31.6 6.2 292.7

0:30.84 6.8 252848 33304 2776 36.8 5.6 291.9

0:31.46 7.0 253244 33832 2776 26.1 5.8 290.4

0:32.63 7.0 253640 34096 2776 50.0 6.1 289.2

0:33.17 7.1 253904 34360 2776 27.3 5.5 287.9

0:33.79 7.2 254432 34888 2776 27.8 5.4 286.7

0:34.55 7.3 255092 35416 2776 40.9 6.1 283.9

0:35.16 7.4 255884 36208 2776 25.0 5.6 282.7

0:35.75 7.6 256544 37000 2776 25.0 6.0 278.9

0:36.36 7.8 257336 37792 2776 31.6 5.3 276.2

0:37.02 7.9 257996 38320 2776 27.8 5.9 274.9

0:37.64 8.0 258788 39112 2776 30.0 5.3 273.9

0:38.29 8.2 259184 39640 2776 14.3 5.2 272.4

0:39.48 8.2 259448 39904 2776 52.9 5.2 272.4

0:40.22 8.3 259844 40168 2776 25.8 5.9 270.4

0:40.90 8.4 260240 40696 2776 27.8 5.0 267.4

0:41.68 8.4 260504 40960 2776 25.0 5.5 267.4

0:42.45 8.5 260768 41224 2776 44.0 6.1 266.2

0:43.40 8.5 260900 41224 2776 25.0 6.3 266.2

0:44.43 8.5 261032 41488 2776 20.0 5.3 266.2

0:45.17 8.6 261428 42016 2776 50.0 5.5 265.2

0:45.91 8.7 261824 42280 2776 33.3 5.3 264.2

0:46.70 8.8 262220 42544 2776 33.3 5.0 260.7

0:47.41 8.9 262484 43072 2776 9.1 5.2 260.7

0:48.13 9.0 263144 43600 2776 30.0 5.3 260.2

0:48.74 9.1 263672 44128 2776 20.8 6.0 258.2

0:49.41 9.2 264200 44656 2776 43.8 5.7 257.2

0:50.17 9.2 264464 44920 2776 33.3 5.0 256.4

0:50.86 9.3 264992 45448 2776 37.5 5.6 255.7

0:51.48 9.5 265784 46240 2776 33.3 7.0 247.7

0:52.07 9.7 266576 47032 2776 33.3 6.1 247.7

0:52.67 9.8 267368 47824 2776 28.6 5.2 244.9

0:53.25 9.9 267896 48352 2776 27.3 5.2 244.7

0:53.85 10.1 268556 48880 2776 38.9 5.9 240.7

0:54.50 10.2 269216 49672 2776 26.3 5.5 239.2

0:55.11 10.4 269876 50464 2776 25.0 5.2 236.4

0:55.72 10.5 270668 50992 2776 17.9 5.6 235.7

0:56.35 10.7 271328 51784 2776 23.8 5.7 233.9

0:56.96 10.8 271988 52312 2776 31.6 5.2 231.9

0:57.56 10.9 272780 53104 2776 31.2 5.8 229.7

0:58.17 11.1 273572 53896 2776 28.6 5.9 226.9

0:58.77 11.2 274364 54688 2776 31.6 5.5 225.2

0:59.38 11.4 275156 55480 2776 29.4 5.1 223.2

0:59.98 11.6 275816 56272 2776 33.3 6.6 221.2

1:00.58 11.7 276476 57064 2776 30.0 6.0 219.9

1:01.14 11.8 277136 57592 2776 23.5 5.4 218.7

1:01.76 12.0 277796 58120 2776 30.0 5.2 217.4

