TIME MEM VIRT RES SHR CPU FREE SWAP
0:00.16 0.7 222752 3380 2940 88.2 304.9 742.3 

0:01.67 1.1 224996 5488 2940 87.5 302.7 742.3 

0:03.19 1.7 227504 8128 2940 94.1 300.3 742.3 

0:04.71 2.1 229748 10240 2940 99.9 298.0 742.3 

0:06.25 2.6 232124 12616 2940 88.2 295.7 742.3 

0:07.76 3.1 234368 14992 2940 99.9 293.3 742.3 

0:09.29 3.6 237140 17632 2940 94.1 290.8 742.3 

0:10.82 4.2 239780 20272 2940 94.1 288.1 742.3 

0:12.35 4.8 242552 23176 2940 99.9 285.5 742.3 

0:13.87 5.3 245192 25816 2940 94.1 282.8 742.3 

0:15.41 5.8 247700 28192 2940 94.1 280.5 742.3 

0:16.93 6.3 250076 30568 2940 99.9 278.1 742.3 

0:18.46 6.7 252056 32680 2940 88.2 276.2 742.3 

0:20.00 7.0 253772 34264 2940 88.2 274.5 742.3 

0:21.53 7.5 255884 36376 2940 83.3 272.4 742.3 

0:23.08 8.0 258128 38752 2940 94.1 270.2 742.3 

0:24.57 8.4 260372 40864 2940 94.1 268.0 742.3 

