TIME MEM VIRT RES SHR CPU FREE SWAP
      28.8 780.2

      25.6 780.2

      22.2 780.2

      18.7 780.2

      15.2 780.2

      12.9 780.2

      9.5 780.2

      253.7 780.2

      249.8 780.2

      246.5 780.2

      243.3 780.2

      240.2 780.2

      237.0 780.2

      234.3 780.2

      231.6 780.2

      229.3 780.2

      226.1 780.2

      222.9 780.2

      219.9 780.2

      216.5 780.2

      213.4 780.2

      210.2 780.2

      208.1 780.2

      204.9 780.2

      201.8 780.2

      198.8 780.2

      195.6 780.2

      192.4 780.2

      189.4 780.2

      186.3 780.2

      183.7 780.2

      181.4 780.2

      179.0 780.2

      176.4 780.2

      173.8 780.2

      171.4 780.2

      168.8 780.2

      165.6 780.2

      162.4 780.2

      159.2 780.2

      156.4 780.2

      153.2 780.2

      150.2 780.2

